35,0.003596834998461418
35,0.004026670998428017
35,0.004151537999860011
35,0.003473942997516133
35,0.0039931740029715
35,0.0032360240002162755
35,0.0034398190036881715
35,0.005554075003601611
35,0.0025709210021886975
35,0.0023346270027104765
35,0.002951457994640805
35,0.0023245830088853836
35,0.0037512220005737618
35,0.0036800529924221337
35,0.0036706719984067604
35,0.0034453900007065386
35,0.004427869003848173
35,0.0033120419975603
35,0.00407575600547716
35,0.002460203002556227
36,0.002999100004672073
36,0.006876434999867342
36,0.004514986998401582
36,0.002699169999687001
36,0.004964823005138896
36,0.0043929910025326535
36,0.003708004005602561
36,0.0026708579971455038
36,0.003345873992657289
36,0.005138740001711994
36,0.005271122994599864
36,0.003033339002286084
36,0.004057217010995373
36,0.0033263509976677597
36,0.007980584996403195
36,0.004735423004603945
36,0.004149883010541089
36,0.003954461004468612
36,0.002635558004840277
36,0.004373350995592773
37,0.002660514001036063
37,0.004372687006252818
37,0.003299304997199215
37,0.0026699619920691475
37,0.004049886003485881
37,0.005086814999231137
37,0.0039572870009578764
37,0.004404324005008675
37,0.003610337997088209
37,0.0031365809991257265
37,0.0023365929955616593
37,0.004911559997708537
37,0.002797448993078433
37,0.0031482790072914213
37,0.004418913988047279
37,0.004206083991448395
37,0.002465842990204692
37,0.002595166995888576
37,0.0036941240105079487
37,0.003348390993778594
38,0.003968703007558361
38,0.005127551994519308
38,0.002956588999950327
38,0.005588166997767985
38,0.004549509001662955
38,0.003249959001550451
38,0.005298144998960197
38,0.002596458012703806
38,0.006896299004438333
38,0.003541473997756839
38,0.004084393993252888
38,0.003975066007114947
38,0.00511791100143455
38,0.00678036900353618
38,0.0057544540031813085
38,0.0038694690010743216
38,0.0031308799952967092
38,0.0043227279966231436
38,0.006600469001568854
38,0.0037798560078954324
39,0.004705521001596935
39,0.0049041859892895445
39,0.005355390996555798
39,0.004906416987068951
39,0.004174720001174137
39,0.0051294650038471445
39,0.007116913999198005
39,0.0038308669900288805
39,0.004123947001062334
39,0.0030787069990765303
39,0.0051483529969118536
39,0.005526082997675985
39,0.004045142995892093
39,0.0037436129932757467
39,0.005444751004688442
39,0.002693992995773442
39,0.004952959003276192
39,0.0032282809988828376
39,0.0037256579962559044
39,0.004646732995752245
40,0.006012655008817092
40,0.005005371000152081
40,0.005253658993751742
40,0.006551858008606359
40,0.0047562459949404
40,0.004548779994365759
40,0.007265134001499973
40,0.006306805997155607
40,0.005906887003220618
40,0.005154759011929855
40,0.006318764993920922
40,0.00801889099238906
40,0.005687115000910126
40,0.005799398000817746
40,0.004805138989468105
40,0.006405571009963751
40,0.005417589010903612
40,0.003172995988279581
40,0.005376935994718224
40,0.005937314010225236
41,0.0066512640041764826
41,0.006189863997860812
41,0.010517836999497376
41,0.006505426004878245
41,0.004858949003391899
41,0.005557386000873521
41,0.005831821996252984
41,0.007397917986963876
41,0.0068140450021019205
41,0.0069328109966591
41,0.005288107000524178
41,0.008127966997562908
41,0.008297247011796571
41,0.007164673996157944
41,0.006270364989177324
41,0.007010204004473053
41,0.003987971998867579
41,0.00708555500023067
41,0.007297443997231312
41,0.007476421000319533
42,0.0067369329917710274
42,0.006026871997164562
42,0.0072506950091337785
42,0.005791226998553611
42,0.007459646993083879
42,0.006722670994349755
42,0.00501695899583865
42,0.005725397990318015
42,0.00590645799820777
42,0.007811237999703735
42,0.004677981996792369
42,0.009711878999951296
42,0.006825443997513503
42,0.005693591010640375
42,0.004932038005790673
42,0.0075852799927815795
42,0.009916942988638766
42,0.007272072994965129
42,0.008524242992280051
42,0.010696420999011025
43,0.005903475001105107
43,0.008026106996112503
43,0.006530008002300747
43,0.007008271990343928
43,0.006570379002369009
43,0.006049663003068417
43,0.006388680005329661
43,0.006567364995134994
43,0.0062846319924574345
43,0.009893837996060029
43,0.006151954003144056
43,0.006569848002982326
43,0.0058127969969064
43,0.009015582996653393
43,0.008004873001482338
43,0.00585247999697458
43,0.006989031011471525
43,0.00767640900448896
43,0.0064597790042171255
43,0.007411588012473658
44,0.006849259007140063
44,0.007457029991201125
44,0.0062074720044620335
44,0.01192139700287953
44,0.006369338996591978
44,0.007429282006341964
44,0.007095289998687804
44,0.007569688998046331
44,0.00616981899656821
44,0.005887487990548834
44,0.006520338996779174
44,0.007743995010969229
44,0.009189399002934806
44,0.005105999996885657
44,0.006525910997879691
44,0.013536315003875643
44,0.006842667993623763
44,0.007606476006912999
44,0.010234412999125198
44,0.023605373004102148
45,0.008123674997477792
45,0.006773172004614025
45,0.006769910003640689
45,0.009572006005328149
45,0.006658345999312587
45,0.012415789009537548
45,0.009646823993534781
45,0.006467094994150102
45,0.00652042799629271
45,0.007643021002877504
45,0.00640189200930763
45,0.011661040000035428
45,0.007892345005529933
45,0.006676266988506541
45,0.006832532992120832
45,0.007055113004753366
45,0.02331743600370828
45,0.006374778997269459
45,0.0062236840021796525
45,0.006790918996557593
46,0.005672447994584218
46,0.008186053993995301
46,0.00956877099815756
46,0.006981560989515856
46,0.015100249991519377
46,0.0084532710025087
46,0.005873874993994832
46,0.006952010007807985
46,0.00698879300034605
46,0.006368054993799888
46,0.006629344992688857
46,0.008284387004096061
46,0.007469995005521923
46,0.014126198992016725
46,0.007155646992032416
46,0.018296555004781112
46,0.006872534999274649
46,0.006931947995326482
46,0.011172819009516388
46,0.007664778007892892
47,0.018871457999921404
47,0.01185336901107803
47,0.007019593991572037
47,0.007462138994014822
47,0.005820072998176329
47,0.03161127101338934
47,0.005246763990726322
47,0.031025157994008623
47,0.039214514996274374
47,0.016716559999622405
47,0.018271667999215424
47,0.006158464995678514
47,0.005589067004621029
47,0.006959089005249552
47,0.012357059997157194
47,0.006688319001113996
47,0.11207884599571116
47,0.013780665001831949
47,0.010529473001952283
47,0.03065955700003542
48,0.008521141004166566
48,0.062403727002674714
48,0.00536276500497479
48,0.009433146013179794
48,0.007366899008047767
48,0.0052442849992075935
48,0.0077172739984234795
48,0.03647262700542342
48,0.008341994995134883
48,0.008546294993720949
48,0.00768793499446474
48,0.005772107993834652
48,0.015959816999384202
48,0.14612818400200922
48,0.0055506630014861
48,0.01320230400597211
48,0.015735995999420993
48,0.005607638988294639
48,0.006708515997161157
48,0.01646180199168157
49,0.007501457002945244
49,0.007840249003493227
49,0.03597995699965395
49,0.005050905994721688
49,0.007189623996964656
49,0.005071266001323238
49,0.004989540000678971
49,0.02064107099431567
49,0.015331254995544441
49,0.006229484992218204
49,0.005482994005433284
49,0.0069902539980830625
49,0.013124887002049945
49,0.005500426996150054
49,0.0064306209969799966
49,0.006997806005529128
49,0.012276929002837278
49,0.006597168001462705
49,0.005720822999137454
49,0.0059576430066954345
50,0.011447762997704558
50,0.00484061599127017
50,0.005362270996556617
50,0.006793955995817669
50,0.005512770003406331
50,0.009038250005687587
50,0.007074601991917007
50,0.007439594992320053
50,0.02121387999795843
50,0.008584729002905078
50,0.004951830007485114
50,0.04041400700225495
50,0.0046629540011053905
50,0.005495147997862659
50,0.005828612003824674
50,0.009593845010385849
50,0.008132748000207357
50,0.07028038299176842
50,0.00679499599209521
50,0.049202395995962434
