35,0.003861418997985311
35,0.0042419029923621565
35,0.004276886000297964
35,0.0037410479999380186
35,0.00452865099941846
35,0.0038555460050702095
35,0.003957997992984019
35,0.005654745997162536
35,0.0030171580001479015
35,0.0029309969977475703
35,0.003205458997399546
35,0.0026843319938052446
35,0.003951281003537588
35,0.005412815997260623
35,0.007343150005908683
35,0.0036104699975112453
35,0.0029129650065442547
35,0.0034639709920156747
35,0.0036096810072194785
35,0.0027874600054929033
36,0.003259862001868896
36,0.006590973993297666
36,0.004697063006460667
36,0.003154783000354655
36,0.005093579005915672
36,0.004768656988744624
36,0.00402725201274734
36,0.002770947990939021
36,0.0035446279944153503
36,0.0051519330008886755
36,0.005615749993012287
36,0.0032132589985849336
36,0.0043433120008558035
36,0.0036939479905413464
36,0.007097726993379183
36,0.00474659500468988
36,0.003981460991781205
36,0.004040544998133555
36,0.0028641840035561472
36,0.004481520998524502
37,0.003006922997883521
37,0.004739809010061435
37,0.0035202589933760464
37,0.0028855940036009997
37,0.004443023004569113
37,0.007438647997332737
37,0.00452491499891039
37,0.004773017004481517
37,0.00411485499353148
37,0.0035454820026643574
37,0.0028666540019912645
37,0.004978234996087849
37,0.003421550994971767
37,0.003791095004999079
37,0.004826176998903975
37,0.005048232997069135
37,0.0028788259951397777
37,0.0032128799939528108
37,0.003452303004451096
37,0.003803455998422578
38,0.004296112005249597
38,0.0057453319896012545
38,0.0033284420060226694
38,0.005804711006931029
38,0.005213689990341663
38,0.003787859997828491
38,0.005589984997641295
38,0.003207941001164727
38,0.006785846009734087
38,0.004097904005902819
38,0.006178783005452715
38,0.0035685600014403462
38,0.005610869993688539
38,0.006494453991763294
38,0.005950577993644401
38,0.004503574993577786
38,0.003516387994750403
38,0.004527276993030682
38,0.005702726004528813
38,0.0041311289969598874
39,0.004595869002514519
39,0.005298154006595723
39,0.0056453319994034246
39,0.005014056994696148
39,0.0045980469876667485
39,0.005390120000811294
39,0.007008397995377891
39,0.00426533400604967
39,0.004768387996591628
39,0.0038518159999512136
39,0.005592500005150214
39,0.005974663989036344
39,0.004577865009196103
39,0.004001143999630585
39,0.006287128999247216
39,0.0029444190004142
39,0.004922830004943535
39,0.003774099997826852
39,0.004308464005589485
39,0.0051342469960218295
40,0.006676166012766771
40,0.005159277992788702
40,0.005820108010084368
40,0.0071449859970016405
40,0.005834372001118027
40,0.004638925995095633
40,0.007674202002817765
40,0.006442740996135399
40,0.006030046992236748
40,0.005269528992357664
40,0.006626004993449897
40,0.007795404002536088
40,0.0061636379978153855
40,0.005948131991317496
40,0.004844504001084715
40,0.006570981990080327
40,0.00611522700637579
40,0.0036164779885439202
40,0.0059407170047052205
40,0.006582899994100444
41,0.006919230989296921
41,0.006654216995229945
41,0.010630380988004617
41,0.006883499008836225
41,0.005729898999561556
41,0.0061370340117719024
41,0.006067148002330214
41,0.007781355001498014
41,0.00732744499691762
41,0.007530628005042672
41,0.005855077994056046
41,0.008264781994512305
41,0.008547563003958203
41,0.007560784986708313
41,0.006678361998638138
41,0.007153339989599772
41,0.0045782530069118366
41,0.007016919000307098
41,0.00805079699784983
41,0.007951063002110459
42,0.007402681003441103
42,0.006512164996820502
42,0.007747470997855999
42,0.006327337003313005
42,0.0075129220058443025
42,0.007203047003713436
42,0.0054470110044348985
42,0.0059577729989541695
42,0.006150022993097082
42,0.007801398998708464
42,0.005172491000848822
42,0.010126823995960876
42,0.006704262996208854
42,0.006456792005337775
42,0.005395303000113927
42,0.008356780992471613
42,0.009947349011781625
42,0.007662298012292013
42,0.008738538002944551
42,0.010643650995916687
43,0.006780919007724151
43,0.007836150005459785
43,0.006963109000935219
43,0.00705610700242687
43,0.007298172000446357
43,0.006409480003640056
43,0.006553592000273056
43,0.006637694998062216
43,0.005927624995820224
43,0.010340249005821534
43,0.0064720039954409
43,0.0063939270039554685
43,0.006284468006924726
43,0.0093251920043258
43,0.008564296003896743
43,0.006236764005734585
43,0.007843546001822688
43,0.007566243002656847
43,0.007053424007608555
43,0.007479060004698113
44,0.007886552004492842
44,0.007774964993586764
44,0.006754689005902037
44,0.011772020006901585
44,0.006989542001974769
44,0.00814670100226067
44,0.0071107010007835925
44,0.007870186003856361
44,0.006997119999141432
44,0.006625089998124167
44,0.007040819997200742
44,0.008492063003359362
44,0.008680828992510214
44,0.005603398007224314
44,0.006469893996836618
44,0.014105157999438234
44,0.007019146010861732
44,0.007718275999650359
44,0.009402593001141213
44,0.024813823998556472
45,0.008602441012044437
45,0.007068381004501134
45,0.007152783000492491
45,0.009816379999392666
45,0.006785252000554465
45,0.01262577300076373
45,0.010103652995894663
45,0.00711933099955786
45,0.006978746998356655
45,0.008369684001081623
45,0.006689128000289202
45,0.011945597987505607
45,0.007959469003253616
45,0.007093241991242394
45,0.007098248999682255
45,0.007486497997888364
45,0.02376604800519999
45,0.006775743997422978
45,0.006422592996386811
45,0.006874723010696471
46,0.006906477996381
46,0.008688836998771876
46,0.010979978993418626
46,0.007785982990753837
46,0.014658441999927163
46,0.008880761000909843
46,0.0058609690022422
46,0.007239347003633156
46,0.00759694998851046
46,0.006488441998953931
46,0.007244330001412891
46,0.008839734000503086
46,0.007588647000375204
46,0.014405684007215314
46,0.007254080002894625
46,0.018534579008701257
46,0.006987879998632707
46,0.007068164995871484
46,0.011947128994506784
46,0.007723214992438443
47,0.01904380100313574
47,0.012961498010554351
47,0.007666724995942786
47,0.007400593996862881
47,0.006209851009771228
47,0.03128028300125152
47,0.005597334005869925
47,0.032080211996799335
47,0.0395924429903971
47,0.016296946996590123
47,0.01808577599877026
47,0.0066288660018472
47,0.006156596005894244
47,0.0073948869976447895
47,0.013410207990091294
47,0.007101509996573441
47,0.11114396699122153
47,0.01417375000892207
47,0.010954500001389533
47,0.031058245003805496
48,0.008815364999463782
48,0.06114386601257138
48,0.006100546001107432
48,0.009590396992280148
48,0.00748735100205522
48,0.005146523995790631
48,0.008690541988471523
48,0.03698851699300576
48,0.008828848993289284
48,0.008799724004347809
48,0.006731777000823058
48,0.006219060000148602
48,0.016756803001044318
48,0.13998648499546107
48,0.006173028988996521
48,0.013203888011048548
48,0.014733922012965195
48,0.006117719996836968
48,0.00706612499197945
48,0.017017309000948444
49,0.007798025995725766
49,0.008334394005942158
49,0.03570280699932482
49,0.005506599001819268
49,0.007467981995432638
49,0.005248945002676919
49,0.006426807987736538
49,0.018248372987727635
49,0.01563800599251408
49,0.0066868659923784435
49,0.00589817100262735
49,0.007131560996640474
49,0.013431282000965439
49,0.005984071991406381
49,0.006737098010489717
49,0.0060758470062864944
49,0.012279192989808507
49,0.007101130991941318
49,0.0063452000031247735
49,0.006474313995568082
50,0.00864273299521301
50,0.005110174010042101
50,0.0055085530038923025
50,0.006910894997417927
50,0.005759349005529657
50,0.009259563987143338
50,0.007325865997700021
50,0.007786444009980187
50,0.021737094997661188
50,0.008119803998852149
50,0.0053229420009301975
50,0.03791688499040902
50,0.004870986987953074
50,0.005906922000576742
50,0.006089078990044072
50,0.009262694002245553
50,0.008356845995876938
50,0.07187925399921369
50,0.00770499900681898
50,0.047570499998982996
