35,0.0027095249970443547
35,0.0015126770013011992
35,0.0014674029953312129
35,0.0013755370018770918
35,0.001403444999596104
35,0.0012563040072564036
35,0.0012907880009151995
35,0.0020296809962019324
35,0.0014055659994482994
35,0.0013007709931116551
35,0.002052402007393539
35,0.0013973050081403926
35,0.0013046870008111
35,0.0020858630014117807
35,0.0013679319963557646
35,0.0013540770014515147
35,0.0026007109991041943
35,0.0018624779913807288
35,0.0012832750071538612
35,0.0013930540008004755
36,0.0025436120049562305
36,0.0019951260037487373
36,0.0025225089921150357
36,0.0015262439992511645
36,0.0014526169979944825
36,0.0013660609984071925
36,0.0021387729939306155
36,0.0013893139985157177
36,0.0013212600024417043
36,0.001495962991612032
36,0.0014804100064793602
36,0.0013494809973053634
36,0.0025223900011042133
36,0.002352052993956022
36,0.002570629003457725
36,0.001426034010364674
36,0.0013405909994617105
36,0.001346179997199215
36,0.002713540001423098
36,0.0020449669973459095
37,0.002768685997580178
37,0.0022810060036135837
37,0.0013064630038570613
37,0.0023948089947225526
37,0.0013709780032513663
37,0.0015259539941325784
37,0.0022931310086278245
37,0.0013234079960966483
37,0.0013540549989556894
37,0.0025704410072648898
37,0.0013245390000520274
37,0.0013294230011524633
37,0.002153836001525633
37,0.0013729909987887368
37,0.0013550980074796826
37,0.0030026349995750934
37,0.002114247006829828
37,0.0026737369917100295
37,0.0012850250059273094
37,0.0013207269948907197
38,0.0013120789953973144
38,0.001399943997967057
38,0.001329424005234614
38,0.0013450789992930368
38,0.0013082099903840572
38,0.0012777749943779781
38,0.002215453001554124
38,0.0033671630080789328
38,0.0022000909957569093
38,0.0022340529976645485
38,0.002141826000297442
38,0.001364976997138001
38,0.0015150690014706925
38,0.0013282250001793727
38,0.0014725509972777218
38,0.0021989570086589083
38,0.0013398009905358776
38,0.0013709620106965303
38,0.0013014769938308746
38,0.001340200993581675
39,0.00458858598722145
39,0.0013747299963142723
39,0.0014024190022610128
39,0.0013838510058121756
39,0.0013762749877059832
39,0.0031210180022753775
39,0.0032579039980191737
39,0.0029706210043514147
39,0.0015399449912365526
39,0.0015420819981954992
39,0.0013994180044392124
39,0.0020333279971964657
39,0.0014314599975477904
39,0.0021577340085059404
39,0.002253740996820852
39,0.0013682849967153743
39,0.002502192000974901
39,0.0013424039934761822
39,0.002705927996430546
39,0.0013231300108600408
40,0.0027437399985501543
40,0.001390588004142046
40,0.0034336079988861457
40,0.0029122279956936836
40,0.0013660289987456053
40,0.0022499999904539436
40,0.0031993029988370836
40,0.0014898919907864183
40,0.0022802039893576875
40,0.0013690839987248182
40,0.0013440729962894693
40,0.002277154999319464
40,0.002095246993121691
40,0.0037293970090104267
40,0.0025986629916587844
40,0.0013548540009651333
40,0.0019343970052432269
40,0.0014473629998974502
40,0.0013870170078007504
40,0.002654903000802733
41,0.0034330540074734017
41,0.0032211770012509078
41,0.0025549699930706993
41,0.0020938149973517284
41,0.0027862389979418367
41,0.001427146009518765
41,0.001377975000650622
41,0.001266296996618621
41,0.001345092008705251
41,0.0024249739944934845
41,0.0014660669985460117
41,0.0033042909926734865
41,0.001342764007858932
41,0.003109309996943921
41,0.002978254997287877
41,0.002039675004198216
41,0.001989190001040697
41,0.0015681020013289526
41,0.0024456579994875938
41,0.0014444629923673347
42,0.0031803159945411608
42,0.0026359929906902835
42,0.002451633001328446
42,0.0021632790012517944
42,0.0013666190061485395
42,0.0025541939976392314
42,0.003210432012565434
42,0.0035519299999577925
42,0.0031875830027274787
42,0.0024577629956183955
42,0.0033862380078062415
42,0.001380591987981461
42,0.001415356993675232
42,0.0034258300001965836
42,0.0012880889989901334
42,0.0019399560114834458
42,0.0036871869961032644
42,0.0024949399958131835
42,0.0013040600024396554
42,0.0037500979960896075
43,0.0029636539984494448
43,0.0023702100006630644
43,0.0018460149876773357
43,0.003817067001364194
43,0.0023071939940564334
43,0.0030666669917991385
43,0.002982135003549047
43,0.0023530909966211766
43,0.001383957001962699
43,0.004397124008391984
43,0.0021674159943358973
43,0.004257669992512092
43,0.003321412004879676
43,0.0034566930116852745
43,0.001346723991446197
43,0.0019449760002316907
43,0.003687442993395962
43,0.0028710519982269034
43,0.001472477990319021
43,0.0019543559901649132
44,0.004038758997921832
44,0.0014298479945864528
44,0.0036650260008173063
44,0.002882916000089608
44,0.0033480129932286218
44,0.002835945997503586
44,0.003083159012021497
44,0.0035525790008250624
44,0.0031220640084939077
44,0.0016105510003399104
44,0.003237026001443155
44,0.0037796690012328327
44,0.004378928002552129
44,0.003313401000923477
44,0.0024479050043737516
44,0.004724716010969132
44,0.0026483519905013964
44,0.0022856939904158935
44,0.0026463889953447506
44,0.0014078340027481318
45,0.003454631005297415
45,0.0026651670050341636
45,0.0035422700020717457
45,0.003731981007149443
45,0.003241186001105234
45,0.003479285995126702
45,0.0027464839949971065
45,0.0022086319950176403
45,0.0035051330050919205
45,0.0022805140033597127
45,0.0014075840008445084
45,0.002304128007381223
45,0.001451418997021392
45,0.00240897000185214
45,0.0035993570054415613
45,0.004224290998536162
45,0.0027946469926973805
45,0.001425408001523465
45,0.004752079999889247
45,0.003247581989853643
46,0.004015037004137412
46,0.0030393869965337217
46,0.003206802997738123
46,0.003823742998065427
46,0.0029976039950270206
46,0.0029297940054675564
46,0.003319753988762386
46,0.001854568996350281
46,0.0018940240115625784
46,0.003928291000192985
46,0.0039356930064968765
46,0.0026683969917939976
46,0.004010919001302682
46,0.003775703997234814
46,0.00311861299269367
46,0.0035830749984597787
46,0.0023268720105988905
46,0.0036376499920152128
46,0.003884477002429776
46,0.003336833993671462
47,0.0018177629972342402
47,0.0037580589996650815
47,0.004505092001636513
47,0.0031166749977273867
47,0.003235390002373606
47,0.00258509699779097
47,0.004154452995862812
47,0.003595866000978276
47,0.0032248539937427267
47,0.0043196769984206185
47,0.002315694000571966
47,0.003778041005716659
47,0.0035659339919220656
47,0.003486952991806902
47,0.002667612992809154
47,0.0021786459983559325
47,0.005243618987151422
47,0.002833168997312896
47,0.003602044002036564
47,0.0034103159996448085
48,0.002531135003664531
48,0.0016205080028157681
48,0.003035321002244018
48,0.004092527000466362
48,0.003596580005250871
48,0.002557270010584034
48,0.0035670170036610216
48,0.005624999001156539
48,0.001761557999998331
48,0.0024949619983090088
48,0.003903580000041984
48,0.003445604001171887
48,0.0030767370044486597
48,0.003271765002864413
48,0.002174305001972243
48,0.004747501996462233
48,0.0030894420051481575
48,0.004475829002331011
48,0.003319251991342753
48,0.0031954710138961673
49,0.0032285319903166965
49,0.0034802980080712587
49,0.0035888290003640577
49,0.0038206180033739656
49,0.0037705090071540326
49,0.0036586820060620084
49,0.004372765994048677
49,0.002852345001883805
49,0.004189806000795215
49,0.003502203995594755
49,0.004227861994877458
49,0.004197054004180245
49,0.005099240006529726
49,0.0038226860051508993
49,0.002821201996994205
49,0.0034370119974482805
49,0.002881838008761406
49,0.003307120001409203
49,0.0037299969990272075
49,0.003580903008696623
50,0.004132033005589619
50,0.0036251459969207644
50,0.003497217010590248
50,0.002788885001791641
50,0.003789456997765228
50,0.0034578670019982383
50,0.0032571740011917427
50,0.0014795830065850168
50,0.004681068006902933
50,0.0038455299945781007
50,0.003584167003282346
50,0.003913683001883328
50,0.002727387996856123
50,0.0030102770106168464
50,0.003444989997660741
50,0.0038508930010721087
50,0.0038512839964823797
50,0.004762470998684876
50,0.004232357008731924
50,0.0036922410072293133
