35,0.004144456994254142
35,0.0012246180122019723
35,0.0021514490072149783
35,0.0012025360047118738
35,0.0012142880004830658
35,0.0009876750118564814
35,0.0010598179942462593
35,0.00182576100633014
35,0.0011866659915540367
35,0.0011008349974872544
35,0.0019231280020903796
35,0.0011628920037765056
35,0.0010600990062812343
35,0.0018145829963032156
35,0.0010579649970168248
35,0.0013320139987627044
35,0.0025357690028613433
35,0.0017091810004785657
35,0.0010397300065960735
35,0.0011471930047264323
36,0.0012105700006941333
36,0.001739697006996721
36,0.0024453490041196346
36,0.001315414992859587
36,0.0012336670042714104
36,0.001113999998779036
36,0.0019639029924292117
36,0.001293326000450179
36,0.0019340379949426278
36,0.001225831001647748
36,0.0012634120066650212
36,0.0011445669952081516
36,0.0010897419997490942
36,0.0010500670032342896
36,0.001423209992935881
36,0.0010465759987710044
36,0.0011189900105819106
36,0.0010215750080533326
36,0.002143438992789015
36,0.0018110620003426448
37,0.002106002008076757
37,0.002133989008143544
37,0.0011254730052314699
37,0.0019581169908633456
37,0.0011932779889320955
37,0.0012953990080859512
37,0.0027715450123650953
37,0.001112604993977584
37,0.0013432239938993007
37,0.0025276739906985313
37,0.0011908930027857423
37,0.00118250900413841
37,0.0035032490122830495
37,0.0012052910024067387
37,0.001145722999353893
37,0.0028529530100058764
37,0.0023061000101733953
37,0.0025483200006419793
37,0.0011108500038972124
37,0.0011482350091682747
38,0.0011012749891960993
38,0.0013170169986551628
38,0.0011732850107364357
38,0.0017670239903964102
38,0.0017973650101339445
38,0.0011169450008310378
38,0.0018611390114529058
38,0.0023562729911645874
38,0.0019411719986237586
38,0.0019897229940397665
38,0.0011535130033735186
38,0.0011662070028251037
38,0.0012968869996257126
38,0.0011478410015115514
38,0.0011837269994430244
38,0.0020631840015994385
38,0.0011897330114152282
38,0.0011522260028868914
38,0.0011156969994772226
38,0.0011181640002178028
39,0.004857321007875726
39,0.0013777179992757738
39,0.0012319780071265996
39,0.0011994340020464733
39,0.0011518169922055677
39,0.003017587005160749
39,0.003417019994230941
39,0.0026616260001901537
39,0.0012171479902463034
39,0.0013030849950155243
39,0.0012257180060259998
39,0.0026768539974000305
39,0.0013645169965457171
39,0.0020830199937336147
39,0.0021042279986431822
39,0.001188783993711695
39,0.002871081989724189
39,0.0012243630044395104
39,0.00264676300866995
39,0.0010968700080411509
40,0.002506122997147031
40,0.001325748991803266
40,0.0030100419971859083
40,0.0026462009991519153
40,0.0012183520011603832
40,0.0018918029963970184
40,0.003242232996854
40,0.0013567459973273799
40,0.002125764003721997
40,0.001233012997545302
40,0.0011724759970093146
40,0.0020751389965880662
40,0.0019847810035571456
40,0.0036262880021240562
40,0.002522825001506135
40,0.0013641850091516972
40,0.001805552004952915
40,0.0012174029980087653
40,0.00126488899695687
40,0.002600093008368276
41,0.0026315529976272956
41,0.003299353993497789
41,0.002448215993354097
41,0.001923579999129288
41,0.0027822470001410693
41,0.0013378419971559197
41,0.0012400109990267083
41,0.0011333140137139708
41,0.001207349996548146
41,0.002395579998847097
41,0.0013274299999466166
41,0.002968827000586316
41,0.0011672220134641975
41,0.002906695008277893
41,0.002662416998646222
41,0.0017804670060286298
41,0.0022777199919801205
41,0.00136424700031057
41,0.002330843999516219
41,0.0012581990013131872
42,0.002930036003817804
42,0.002612262003822252
42,0.002263585993205197
42,0.0019044969958486035
42,0.0011361119977664202
42,0.0023965250002220273
42,0.003333265005494468
42,0.0033057160035241395
42,0.0030438169924309477
42,0.0021795460052089766
42,0.002543230992159806
42,0.0012554020067909732
42,0.0011519989930093288
42,0.0028470649995142594
42,0.0010546839912422001
42,0.001707930990960449
42,0.0035739049926633015
42,0.0022341480071190745
42,0.0010841439943760633
42,0.003632812004070729
43,0.002162431992474012
43,0.0020247579959686846
43,0.0017534070066176355
43,0.0029949250019853935
43,0.0018410900083836168
43,0.002954726995085366
43,0.0023985940060811117
43,0.0019633339979918674
43,0.0011296050070086494
43,0.004220271992380731
43,0.001936358996317722
43,0.004009704003692605
43,0.0031256209913408384
43,0.0032578719983575866
43,0.0013169559970265254
43,0.003296797993243672
43,0.003658689995063469
43,0.0027617349987849593
43,0.00115577298856806
43,0.001231655987794511
44,0.0039511219947598875
44,0.0012299630034249276
44,0.003054867993341759
44,0.0029466910054907203
44,0.003137395004159771
44,0.0026187549956375733
44,0.0028683200071100146
44,0.0035832059948006645
44,0.0023013230093056336
44,0.0013037269964115694
44,0.0029992150084581226
44,0.0032470809965161607
44,0.004222617004415952
44,0.0027349489973858
44,0.002203236988862045
44,0.004478713992284611
44,0.002654798998264596
44,0.002174497989472002
44,0.0023580800043419003
44,0.0012332879996392876
45,0.0033845969883259386
45,0.00249854099820368
45,0.0031979740015231073
45,0.0036150359956081957
45,0.0031603660027030855
45,0.002981060999445617
45,0.002514592997613363
45,0.0019767319899983704
45,0.003234591000364162
45,0.0019384199986234307
45,0.0012329330056672916
45,0.002257568994536996
45,0.001361934992019087
45,0.002325314999325201
45,0.003424883005209267
45,0.0040644609980518
45,0.002479880000464618
45,0.0012561299954541028
45,0.004894716999842785
45,0.0031405179906869307
46,0.003934856998967007
46,0.0030233910074457526
46,0.003182743996148929
46,0.0037254560011206195
46,0.0029009730060352013
46,0.002757691006991081
46,0.0032545279973419383
46,0.0016107700066640973
46,0.0015874350065132603
46,0.0039558530115755275
46,0.003719453001394868
46,0.0025482009950792417
46,0.003948445009882562
46,0.003447473995038308
46,0.0030578920122934505
46,0.003303924997453578
46,0.001991750003071502
46,0.0034873249969678
46,0.003747194990864955
46,0.003248309003538452
47,0.0015958550065988675
47,0.003558005002560094
47,0.0041039670031750575
47,0.0032082319958135486
47,0.0029175830131862313
47,0.002262139998492785
47,0.0042865590075962245
47,0.003559382996172644
47,0.003056033994653262
47,0.004149507993133739
47,0.002127021987689659
47,0.0035654979874379933
47,0.00349733600160107
47,0.0035469610011205077
47,0.0026339100004406646
47,0.0019595619960455224
47,0.005107008997583762
47,0.002687871005036868
47,0.0024888540065148845
47,0.0031550779967801645
48,0.002244622999569401
48,0.0013202179979998618
48,0.0031281339906854555
48,0.004013703000964597
48,0.0034784489980665967
48,0.0025327210023533553
48,0.003746821006643586
48,0.0028751889913110062
48,0.001381503010634333
48,0.002132705005351454
48,0.003459814004600048
48,0.003266277999500744
48,0.0027680100029101595
48,0.0029684439941775054
48,0.0019113169983029366
48,0.004685768988565542
48,0.002935766999144107
48,0.004515010004979558
48,0.00357007299317047
48,0.0029829510021954775
49,0.003130241995677352
49,0.003217532008420676
49,0.003358461006428115
49,0.003735982987564057
49,0.003574137997929938
49,0.0035377260064706206
49,0.004227505996823311
49,0.0027546569908736274
49,0.00385252499836497
49,0.003366744000231847
49,0.004206868004985154
49,0.004030217009130865
49,0.0040055069985101
49,0.0036108829954173416
49,0.0025123200030066073
49,0.003317527996841818
49,0.0027156550058862194
49,0.0031941920024110004
49,0.003470228999503888
49,0.0033766069973353297
50,0.003943340998375788
50,0.003647824007202871
50,0.0035620349954115227
50,0.002545087001635693
50,0.0038562499976251274
50,0.0033323250099783763
50,0.0033639779867371544
50,0.0012473120004869998
50,0.003001556993694976
50,0.003970268007833511
50,0.003477591002592817
50,0.003890753010637127
50,0.002752408996457234
50,0.0029676810081582516
50,0.0036426879960345104
50,0.0037732869968749583
50,0.005024907004553825
50,0.003632097999798134
50,0.004412189009599388
50,0.003833993003354408
