35,0.39476918999571353
35,0.30400794399611186
35,0.11415433201182168
35,0.06085206499847118
35,0.43949186100508086
35,0.0507779889885569
35,0.05449633799435105
35,0.01654770200548228
35,0.034975262999068946
35,0.11605098001018632
35,0.10406855399196502
35,0.11793436099833343
35,0.03827275600633584
35,32.106945303996326
35,0.046002792005310766
35,0.12761135199980345
35,0.3758340380009031
35,0.08956700400449336
35,0.025903069996275008
35,0.01616204099263996
36,0.036808379998547025
36,0.03772245800064411
36,0.1503659700101707
36,0.02217397399363108
36,0.0640512419922743
36,4.103519050011528
36,4.063512360997265
36,0.31036745800520293
36,0.3125997750030365
36,0.09248023699910846
36,4.273001765002846
36,20.39918638500967
36,0.4157083890022477
36,0.894610361996456
36,0.7337568629882298
36,2.0799373560003005
36,0.02650986200023908
36,0.05640994699206203
36,0.7105935440049507
36,3.70109050499741
37,0.3187393870030064
37,0.38728420400002506
37,15.431300584998098
37,0.625859935011249
37,17.492636320996098
37,1.9951595270104008
37,0.6007388720026938
37,0.49180256998806726
37,12.215647199001978
37,0.3724900610104669
37,4.693049768000492
37,0.2261775209917687
37,0.2585028009925736
37,2.0917136400094023
37,10.28179440900567
37,1.8014981799933594
37,1.5361511549999705
37,1.9152298479893943
37,3.3988510990020586
37,2.654989446993568
38,2.179094373001135
38,8.165900067004259
38,23.84269686898915
38,232.92596142100228
38,1.07075342501048
38,0.37978036000276916
38,2.535369469987927
38,10.498173460000544
38,15.20212135600741
38,17.987870176992146
38,3.1042662679974455
38,4.457525448000524
38,7.366457358002663
38,1.5486813569877995
38,1.4248547410097672
38,0.6683844340004725
38,0.44802362100745086
38,1.7752729619969614
38,1.1826993389986455
38,1.69043057601084
39,0.8197342850035056
39,15.753603823002777
39,36.56812062500103
39,2.378747584996745
39,3.6400221479998436
39,1.8288741860014852
39,8.219679690999328
39,3.803644678002456
39,8.864248387006228
39,19.938394882992725
39,6.391790046007372
39,0.540434914000798
39,12.214833190999343
39,4.741850421996787
39,0.6487371730036102
39,13.148641676001716
39,0.14679704001173377
39,4.224059879998094
39,3.4994802629953483
39,2.149821200000588
40,84.92628622001212
40,1.3869594060088275
40,0.31427446799352765
40,0.532445598000777
40,1.3341228930075886
40,2.941089838001062
40,0.8679579099989496
40,7.220322271998157
40,24.620933423007955
40,30.666673327010358
40,1.4839208040066296
40,10.295165228002588
40,98.72118947100535
40,52.98730973999773
40,38.67126746699796
40,13.291814782001893
40,2.0649286359985126
40,0.22997678100364283
40,18.876350398990326
40,9.873100961995078
41,48.24409275400103
41,0.5117709299956914
41,0.5668512550037121
41,15.857184447988402
41,23.934635480007273
41,33.61038449699117
41,10.261903020989848
41,0.7556744770117803
41,2.179532605005079
41,5.414702272988507
41,94.13033819200064
41,0.18601107099675573
41,2.5175657299987506
41,1.2227972709952155
41,39.28927686200768
41,47.33690539999225
41,3.11655559000792
41,11.1968349069939
41,5.177961251989473
41,0.9362304309906904
42,9.655659186988487
42,1.2330414850002853
42,1.0298768510110676
42,18.352392397995573
42,2.2765092799963895
42,101.14627195100184
42,7.342352615989512
42,10.079867585998727
42,80.98400474200025
42,3.429353496991098
42,6.760465112995007
42,17.57751988999371
42,0.3747279129893286
42,6.498141666001175
42,11.184529556005145
42,56.0161032610049
42,7.57604919600999
42,20.40168528399954
42,6.526069843006553
42,18.49803519199486
43,209.50388019399543
43,15.84370879700873
43,0.7700773249962367
43,7.079896577008185
43,0.5176340070029255
43,2.283869628998218
43,3.0796623140049633
43,196.09867058000236
43,4.4064106500009075
43,4.235049418988638
43,4.290310166994459
43,4.76650939299725
43,17.918946521007456
43,6.494137652000063
43,6.548396832004073
43,84.7522408960067
43,19.3565219190059
43,56.28913636501238
43,5.86290237600042
43,233.12779420398874
44,1.3255670920043485
44,1.3808322450058768
44,106.36209272900305
44,1.5393948609998915
44,60.08317407200229
44,0.07055184699129313
44,3.3584223680081777
44,12.471571852001944
44,202.20231046000845
44,3.729182144990773
44,10.774323061006726
44,17.70021737899515
44,4.785499284989783
44,0.06099759000062477
44,14.639369601994986
44,5.156068861993845
44,19.495424118998926
44,149.27707621800073
44,71.01212381399819
44,14.901710444988566
45,12.62877140600176
45,1.5026725219941
45,7.288570028002141
45,1.4579991159989731
45,11.879859742999543
45,12.449310784999398
45,5.312168133998057
45,62.12469734500337
45,11.24694323699805
45,19.077936934991158
45,11.303507870994508
45,0.6061776160058798
45,8.293212508011493
45,0.2390188989957096
45,1.4624481509963516
45,21.96633446299529
45,4.429058729001554
45,12.7079417900095
45,7.172988819991588
45,4.122641982001369
46,0.370091881006374
46,4.700019258001703
46,0.5231412529974477
46,4.776434835002874
46,1.6815931720047956
46,1.3013627209875267
46,2.389824915997451
46,1.9945420949952677
46,0.501239096003701
46,1.9980552150082076
46,20.904582352988655
46,1.9527533649961697
46,0.3887649450043682
46,1.7166262589889811
46,0.5312522149906727
46,3.2337123219913337
46,4.301043289000518
46,18.084965597998234
46,2.8688496079994366
46,0.5935248070018133
47,2.1380791619885713
47,0.21706987099605612
47,0.8533307799953036
47,0.7509480040025664
47,22.844436838000547
47,11.640618124001776
47,1.1934425579966046
47,8.925863721000496
47,467.1381466649909
47,9.35874982799578
47,2.416079893009737
47,1.3247941299923696
47,21.82805112900678
47,3.6546178699936718
47,36.60823581498698
47,1.0330942000000505
47,2.1995745369931683
47,1.4850972169952001
47,0.9079256989934947
47,708.1611029240012
48,3.4636094930028776
48,0.3170198509906186
48,5.85274802200729
48,9.937065849997452
48,2.337518767992151
48,2.5263998640002683
48,91.73558890398999
48,9.210707564998302
48,9.452537396995467
48,0.345377969002584
48,3.0896237550041405
48,3.3601893379964167
48,2.1359756750025554
48,10.259996505992603
48,1.3250755879998906
48,5.790577806998044
48,2.7156292209983803
48,5.116888043005019
48,0.36072010299540125
48,2.352725903998362
49,104.24003231698589
49,0.23987777000002097
49,7.076508311991347
49,6.456097899004817
49,0.842240533005679
49,37.30541948899918
49,2.082007571007125
49,0.38700456998776644
49,83.09519702100079
49,2.6723294669936877
49,154.58046736598772
49,9.220989260997158
49,5.685563523002202
49,0.3785993339988636
49,24.361549890993047
49,96.48720020901237
49,6.632765069996822
49,40.42417050799122
49,5.132567936001578
49,3.2458207239978947
50,8.143340020003961
50,2.598489853000501
50,0.08946930700039957
50,2.5531989529990824
50,11.020932911007549
50,19.92314137899666
50,198.77072483699885
50,2.8550083830050426
50,12.24240341100085
50,9.094968372999574
50,58.16859605599893
50,3.706484412003192
50,2.250914823001949
50,2870.973028751003
50,136.62742811899807
50,205.13618425100867
50,51.259282297003665
50,16.054303535012878
50,1.2929369549965486
50,0.16421626100782305
