35,0.38718745300138835
35,0.2905995359906228
35,0.10606238699983805
35,0.06074121600249782
35,0.4327850570116425
35,0.051338207005755976
35,0.05293173500103876
35,0.0179207809997024
35,0.03316886999527924
35,0.11340985799324699
35,0.0949711810098961
35,0.10500399899319746
35,0.03479584900196642
35,31.501596058995347
35,0.04643294900597539
35,0.13034140900708735
35,0.37549151699931826
35,0.09089935499650892
35,0.026738321990706027
35,0.017971941007999703
36,0.03587378200609237
36,0.039407438001944683
36,0.14997315501386765
36,0.023954021991812624
36,0.06511448200035375
36,4.033842312011984
36,3.909369795001112
36,0.3088804120052373
36,0.30938703499850817
36,0.09332577600434888
36,4.097043335001217
36,20.105185583001003
36,0.4126177040016046
36,0.8814302329992643
36,0.7247810490080155
36,2.0632119049987523
36,0.02771484199911356
36,0.05731369400746189
36,0.7044399479927961
36,3.6416834789997665
37,0.3169041290093446
37,0.38671359299041796
37,15.366730634006672
37,0.6188714710006025
37,17.32605179400707
37,1.9885372309945524
37,0.6074019929947099
37,0.4895441349945031
37,11.812208000992541
37,0.37032646300212946
37,4.6301159400027245
37,0.2252851310040569
37,0.25104753900086507
37,2.0682122460129904
37,9.887140812003054
37,1.7948957810003776
37,1.5180056220124243
37,1.8742208129988285
37,3.3353202830039663
37,2.6075430880009662
38,2.1270113960054005
38,8.180857686005766
38,23.87935887099593
38,233.20824909799558
38,1.0715029010025319
38,0.3798618809960317
38,2.521246782009257
38,10.453567802003818
38,15.051176544002374
38,17.95167847200355
38,3.0907094350113766
38,4.472585561001324
38,7.378706092000357
38,1.5361594319983851
38,1.42328324499249
38,0.6673558379989117
38,0.4498125429963693
38,1.7949969809997128
38,1.186004729999695
38,1.6956198310072068
39,0.8213266060047317
39,15.863027988991234
39,36.832588064993615
39,2.400271660008002
39,3.6632160369917983
39,1.8504162400058703
39,8.351288341000327
39,3.8468638460035436
39,8.895409348988323
39,20.25897183000052
39,6.453502931006369
39,0.5460941689962056
39,12.331340559001546
39,4.7839534700033255
39,0.6577514809905551
39,13.374775106000016
39,0.1497852500033332
39,4.215217051998479
39,3.521141944002011
39,2.144398174001253
40,85.03685905599559
40,1.3896751650027
40,0.31751946700387634
40,0.532977747003315
40,1.338432129996363
40,2.953393515010248
40,0.8700053849897813
40,7.178947595006321
40,24.658083317001
40,30.452838406010414
40,1.494325753999874
40,10.337521447989275
40,98.88699191100022
40,53.17972561600618
40,39.17028750899772
40,13.387097731989343
40,2.051891170995077
40,0.22767199599184096
40,18.67775886200252
40,9.644557245992473
41,47.83759777499654
41,0.5114609599986579
41,0.577521079001599
41,15.900518120994093
41,24.005537596996874
41,33.534345137988566
41,10.251000325995847
41,0.7597917699895333
41,2.1769986180006526
41,5.441776064995793
41,93.68374290899374
41,0.18839393400412519
41,2.4946118960069725
41,1.2135965549969114
41,39.012341948007816
41,48.07174085799488
41,3.1761969919898547
41,11.254813752006157
41,5.239470727989101
41,0.9537024409946753
42,9.75951397899189
42,1.2509993569983635
42,1.0524803180014715
42,18.592811287991935
42,2.3424438630027
42,102.83288508300029
42,7.372384478003369
42,10.134617433999665
42,80.88701933600532
42,3.416602587996749
42,6.765129402003367
42,17.5798970140022
42,0.36766682800953276
42,6.399901247990783
42,11.06529194698669
42,55.77372553400346
42,7.521221732997219
42,20.45777079599793
42,6.49989346700022
42,18.393881889001932
43,209.94174732999818
43,15.926547066992498
43,0.7734184790024301
43,7.035849514999427
43,0.5217503739986569
43,2.282650356995873
43,3.093344255001284
43,198.40106997000112
43,4.412416017003125
43,4.233573245990556
43,4.299767920005252
43,4.790019395004492
43,17.98828845200478
43,6.518649049001397
43,6.517827931995271
43,84.57108886200876
43,19.429915678992984
43,55.74277257799986
43,5.836124652996659
43,232.71203146899643
44,1.3236233460047515
44,1.3809243789874017
44,106.77212885399058
44,1.5394902719999664
44,60.19097852500272
44,0.07153931799985003
44,3.375899393999134
44,12.483972848989652
44,203.53210086199397
44,3.7230958650034154
44,10.714495881999028
44,17.49715902900789
44,4.73804288500105
44,0.06282896599441301
44,14.618961478001438
44,5.203803813987179
44,19.51622414799931
44,149.5596199779975
44,70.44834598500165
44,14.88993172600749
45,12.566894767995109
45,1.4860648449975997
45,7.303812975995243
45,1.4569163089909125
45,11.96976219699718
45,12.544207086990355
45,5.329020977005712
45,62.36518608999904
45,11.339568998009781
45,19.347069791008835
45,11.396366950997617
45,0.6161974519927753
45,8.379498752998188
45,0.24184906999289524
45,1.4743957800092176
45,22.155365468992386
45,4.438927765004337
45,12.73490602200036
45,7.2198092180042295
45,4.1520491629926255
46,0.3739407100074459
46,4.680499305002741
46,0.525543651994667
46,4.763896959993872
46,1.6930271500023082
46,1.3000296029931633
46,2.381384457999957
46,1.9913892909971764
46,0.49748650699621066
46,1.9954515189892845
46,21.05441253699246
46,1.9623324429994682
46,0.3902764329977799
46,1.7292880949971732
46,0.5326196440000786
46,3.217377608991228
46,4.292103497005883
46,18.119105058009154
46,2.886643941004877
46,0.6001752899901476
47,2.136175767998793
47,0.21894227899610996
47,0.8544466190069215
47,0.7495724300097208
47,22.768943211995065
47,11.583061659999657
47,1.1939270780130755
47,8.919660248007858
47,462.89242636499694
47,9.426693266999791
47,2.4225074120040517
47,1.312711827995372
47,21.826418258002377
47,3.6696416699996917
47,36.3924326569977
47,1.0283860050112708
47,2.198040907998802
47,1.4833994019863894
47,0.9101390939904377
47,712.7417239570059
48,3.469571513007395
48,0.31393866099824663
48,5.780434572996455
48,9.838331068996922
48,2.325911245003226
48,2.5137613440019777
48,91.56729781199829
48,9.228016976005165
48,9.44049911100592
48,0.3439246350026224
48,3.135545727011049
48,3.37559218100796
48,2.1460273260017857
48,10.202164208996692
48,1.327389382000547
48,5.789869586005807
48,2.72299465299875
48,5.132035385991912
48,0.3627123570040567
48,2.3578467379993526
49,104.30205493299582
49,0.24081562599167228
49,7.020609364990378
49,6.4146236710075755
49,0.8418072210042737
49,37.22581607098982
49,2.0799161809991347
49,0.3857435990066733
49,83.25270324399753
49,2.7071502260077978
49,155.3929716769926
49,9.256258606998017
49,5.73372631300299
49,0.38038053500349633
49,24.572779674999765
49,96.82518540599267
49,6.640785424999194
49,40.388430061007966
49,5.179474659991683
49,3.2707838299975265
50,8.272634599998128
50,2.6218178300041473
50,0.09104228799697012
50,2.5604710020124912
50,10.989950734001468
50,19.863159950007685
50,199.55767297701095
50,2.857557541996357
50,12.262312467006268
50,9.157723030002671
50,58.14058931499312
50,3.7085460469970712
50,2.237681379992864
50,2881.265705454003
50,136.56509024699335
50,205.7169487180072
50,51.32748777700181
50,16.251538385011372
50,1.3061844229960116
50,0.16633667699352372
