35,0.006291193989454769
35,0.010527584003284574
35,0.011411864994443022
35,0.005833104994962923
35,0.010659775012754835
35,0.009147196004050784
35,0.011796582999522798
35,0.008162593003362417
35,0.012205221995827742
35,0.013773604005109519
35,0.007084366006893106
35,0.008602570000221021
35,0.009286073996918276
35,0.00722486199811101
35,0.006846099000540562
35,0.007077365007717162
35,0.009141857997747138
35,0.012963511995621957
35,0.009418918009032495
35,0.008335685997735709
36,0.011909995999303646
36,0.012783080004737712
36,0.008906301009119488
36,0.010759748998680152
36,0.009545106993755326
36,0.013889470996218733
36,0.018384760987828486
36,0.011127530000521801
36,0.010377468992373906
36,0.011263029999099672
36,0.010143882012926042
36,0.013493325997842476
36,0.011967985992669128
36,0.007248890993651003
36,0.009742880996782333
36,0.01057419300195761
36,0.008794153996859677
36,0.010870904006878845
36,0.0077203420078149065
36,0.009161342997686006
37,0.012683847002335824
37,0.01079781400039792
37,0.019973692993517034
37,0.014350996993016452
37,0.013271812000311911
37,0.015072516005602665
37,0.01184041699161753
37,0.012945277005201206
37,0.011880067002493888
37,0.013901016005547717
37,0.016268823004793376
37,0.010975384007906541
37,0.012233115005074069
37,0.01541654700122308
37,0.006861913992906921
37,0.010154766991036013
37,0.011936799986870028
37,0.012946716000442393
37,0.011312318994896486
37,0.014625163996242918
38,0.013863661995856091
38,0.011954620000324212
38,0.010757512005511671
38,0.04802637100510765
38,0.02067948700278066
38,0.013481651010806672
38,0.012584012001752853
38,0.06936474499525502
38,0.014370104996487498
38,0.01461969199590385
38,0.015724860000773333
38,0.007904516998678446
38,0.011276731005636975
38,0.01611626301018987
38,0.012872658990090713
38,0.012423908003256656
38,0.015925124011118896
38,0.06442595900443848
38,0.023665234999498352
38,0.011115252011222765
39,0.012992951000342146
39,0.03187909700500313
39,0.018551244007539935
39,0.44115596399933565
39,0.013854909004294313
39,0.06636489200172946
39,0.13714576099300757
39,0.02609188700444065
39,0.11815564800053835
39,0.012191567991976626
39,0.019323781001730822
39,0.016598834990873
39,0.020241455000359565
39,0.013256378995720297
39,0.03228068600583356
39,0.04032092000124976
39,0.015798749998793937
39,0.015859443010413088
39,0.035395869010244496
39,0.034564756002509966
40,0.18109023998840712
40,0.012427770008798689
40,0.014646966999862343
40,0.034380716009764
40,0.012780450997524895
40,0.04618389799725264
40,0.025094104988966137
40,0.0892620770027861
40,0.16668608000327367
40,0.09833933699701447
40,0.01195377399562858
40,0.010452724003698677
40,0.05082631700497586
40,0.024558927994803526
40,0.020843512989813462
40,0.14678565500071272
40,0.0397312109998893
40,0.055158944989671
40,0.024589301989180967
40,0.0963249890046427
41,0.08140087900392246
41,0.01685311199980788
41,0.035604859003797174
41,0.1260169129964197
41,0.2204931579908589
41,0.3175928440032294
41,0.039830172012443654
41,0.2406148409936577
41,0.018410386008326896
41,0.05504464100522455
41,0.018628079997142777
41,0.6499407429946586
41,0.08273148701118771
41,0.012915985003928654
41,0.06301975098904222
41,0.1528594300034456
41,0.18238096899585798
41,3.4093260960071348
41,0.023991220994503237
41,0.022165414004120976
42,0.04227654400165193
42,0.074387658998603
42,0.1661381580051966
42,0.52644486099598
42,0.11248800800240133
42,0.017779375004465692
42,0.06826811800419819
42,0.014632089994847775
42,1.231395793001866
42,0.1654713550087763
42,0.2256206669990206
42,0.05386638799973298
42,0.03416862300946377
42,0.4173046989890281
42,1.3798422789986944
42,0.011375458998372778
42,0.03664740100794006
42,2.0740496100042947
42,0.08627908799098805
42,0.7038195210043341
43,0.49843234299623873
43,0.24215458300022874
43,0.06571568500658032
43,0.5817327910044696
43,0.03526294899347704
43,0.03555230201163795
43,0.045227844995679334
43,0.05996400400181301
43,0.7693552999990061
43,1.0212217420048546
43,0.04840247500396799
43,0.11973106898949482
43,0.6764879119873513
43,0.09424330800538883
43,1.5839521279995097
43,0.02877966099185869
43,0.18459567599347793
43,0.9023376060067676
43,1.365527411995572
43,0.21401091499137692
44,0.1316391379950801
44,0.18975147600576747
44,0.3847322359943064
44,0.05397294599970337
44,0.027083370994660072
44,0.025567667005816475
44,0.058441964007215574
44,0.267555322003318
44,0.37746575399069116
44,0.09564976199180819
44,0.614436651012511
44,0.038932862007641234
44,0.18102799900225364
44,0.049056204996304587
44,0.599172253991128
44,0.4662219629972242
44,0.9822534730046755
44,0.19134078599745408
44,0.06465019600000232
44,0.06523857399588451
45,0.10100935900118202
45,0.44957484600308817
45,0.2578478210052708
45,0.09679100000357721
45,0.3659962060046382
45,0.3655186969990609
45,0.3584258530027
45,0.958952365006553
45,0.017281632986851037
45,0.24816849299531896
45,2.4929418910032837
45,0.02847542701056227
45,0.05203541000082623
45,0.1283889110054588
45,0.20530394399247598
45,0.05547915799252223
45,0.4603508000000147
45,9.06992767500924
45,0.24920856099925004
45,0.10477047899621539
46,0.059708700006012805
46,0.5349759069940774
46,0.23328973099705763
46,0.44056592100241687
46,0.3504962989973137
46,0.061398716003168374
46,0.029287157012731768
46,0.07058576300914865
46,0.017655597010161728
46,0.03741822499432601
46,0.030288540991023183
46,0.2898321159882471
46,0.1993980020051822
46,0.2130129689903697
46,0.969975012994837
46,0.15092620500945486
46,0.11955078100436367
46,0.10640898998826742
46,0.07528890699904878
46,0.22701933300413657
47,0.13631879499007482
47,0.37668547399516683
47,0.02929200598737225
47,0.6544615760067245
47,2.665308240990271
47,7.162901497998973
47,0.41526110599807
47,0.05315266299294308
47,0.792180164004094
47,0.7818042449944187
47,0.5102666059974581
47,0.366602641006466
47,1.4628531060006935
47,6.458507464994909
47,1.1422731689963257
47,0.6126880299998447
47,0.08046286200988106
47,0.2890298139973311
47,0.06262886799231637
47,0.18939046299783513
48,0.015687218008679338
48,0.01203411299502477
48,0.018902016003266908
48,0.24081645999103785
48,6.77134488899901
48,0.832589117999305
48,0.3318217129999539
48,2.296887914009858
48,0.27215027099009603
48,0.7187811749899993
48,0.1364054150035372
48,5.564510573996813
48,0.10056371000246145
48,0.09488985000643879
48,0.16231473900552373
48,0.052015046996530145
48,0.4994118620088557
48,1.452723109992803
48,0.06808347899641376
48,0.525057723003556
49,0.1001308720005909
49,0.4039146860013716
49,0.011377778006135486
49,10.919801586001995
49,0.06729299700236879
49,0.22424558500642888
49,0.047817186001338996
49,3.7889860430004774
49,0.02324206400953699
49,0.3911544220027281
49,0.058030144005897455
49,0.15820020000683144
49,0.028867248009191826
49,1.0964406989951385
49,0.25428177500725724
49,0.0794454250135459
49,4.611846783998772
49,0.33803702499426436
49,0.46671363899076823
49,0.1198060619935859
50,0.3532637739990605
50,5.132672087012907
50,0.5387156689976109
50,0.7822316389938351
50,32.38201703300001
50,0.9394692039932124
50,0.19774319398857187
50,1.352475361985853
50,0.31404927400581073
50,0.3980478720040992
50,0.03331400999741163
50,0.012575968998135068
50,0.5894005290028872
50,0.1677709139912622
50,0.7647369469923433
50,0.11960952299705241
50,1.222408963003545
50,4.252466176010785
50,0.30473804799839854
50,0.38354311500734184
