35,0.005368254991481081
35,0.011838622987852432
35,0.01024402400071267
35,0.0048398770013591275
35,0.010727453991421498
35,0.008512422995408997
35,0.011749549012165517
35,0.008143487997585908
35,0.012341919005848467
35,0.013002331994357519
35,0.007808637994457968
35,0.0076323969988152385
35,0.008401176004554145
35,0.006217219997779466
35,0.006331850992864929
35,0.0060231100069358945
35,0.008979464997537434
35,0.012352311998256482
35,0.0088240670011146
35,0.007124762996681966
36,0.012616909996722825
36,0.014329008001368493
36,0.00813409299007617
36,0.00975908299733419
36,0.008411903007072397
36,0.013435688990284689
36,0.01903198800573591
36,0.010640792999765836
36,0.010013534993049689
36,0.012178646997199394
36,0.011050943998270668
36,0.012423544001649134
36,0.01075349299935624
36,0.006291750003583729
36,0.009618626005249098
36,0.010728142995503731
36,0.007819109989213757
36,0.009675352994236164
36,0.007636401001946069
36,0.009673490014392883
37,0.0122446850000415
37,0.010223239994957112
37,0.020032860993524082
37,0.013940222997916862
37,0.01418635799200274
37,0.014584014003048651
37,0.011347976003889926
37,0.012547104997793213
37,0.011394469009246677
37,0.01291134100756608
37,0.015171879000263289
37,0.01033205899875611
37,0.011398157002986409
37,0.014652254001703113
37,0.005907732003834099
37,0.01000480899529066
37,0.012306096992688254
37,0.011820525003713556
37,0.010342048990423791
37,0.013217850995715708
38,0.012557319991174154
38,0.01107004500227049
38,0.011494115999084897
38,0.04857840399199631
38,0.019038604004890658
38,0.014381938992301002
38,0.011749490004149266
38,0.0713316629990004
38,0.014366158997290768
38,0.013786867988528684
38,0.015027896006358787
38,0.0067435119999572635
38,0.010720531005063094
38,0.015460163005627692
38,0.012561871000798419
38,0.012250828003743663
38,0.016047779005020857
38,0.0629934259923175
38,0.02435889298794791
38,0.011798449006164446
39,0.013439533009659499
39,0.033994318000623025
39,0.016291267005726695
39,0.44505431898869574
39,0.012836761990911327
39,0.06823698700463865
39,0.13982999099243898
39,0.026104564996785484
39,0.11679656298656482
39,0.011404416000004858
39,0.02013926100335084
39,0.01582775700080674
39,0.0199870749929687
39,0.012636308005312458
39,0.03093271399848163
39,0.04144313700089697
39,0.01610742398770526
39,0.016160784012754448
39,0.03546510200249031
39,0.03563040599692613
40,0.18585998300113715
40,0.01151799400395248
40,0.01397640300274361
40,0.03616810000676196
40,0.010454108996782452
40,0.0451669369940646
40,0.026696066008298658
40,0.09116735598945525
40,0.16720974499185104
40,0.09940146098961122
40,0.011012383009074256
40,0.010075169004267082
40,0.05252245700103231
40,0.02528312400681898
40,0.019893800010322593
40,0.14719924799283035
40,0.03705216899106745
40,0.055844809001428075
40,0.024647516998811625
40,0.09352250400115736
41,0.08099254200351425
41,0.015320162987336516
41,0.03511987300589681
41,0.12450776700279675
41,0.21939962400938384
41,0.3183924949989887
41,0.03981895599281415
41,0.2386827180016553
41,0.017926054992130958
41,0.055444619996706024
41,0.01710141399234999
41,0.6540409890003502
41,0.08196484099607915
41,0.011389075996703468
41,0.061441062003723346
41,0.15221978101180866
41,0.1802256819937611
41,3.4349106080044294
41,0.023268937002285384
41,0.02095332500175573
42,0.04101840300427284
42,0.07428697201248724
42,0.16537280500051565
42,0.5326370849943487
42,0.11276551200717222
42,0.017136477996245958
42,0.06852689800143708
42,0.013876149008865468
42,1.2352623659971869
42,0.16405639999720734
42,0.2236554370028898
42,0.053866057001869194
42,0.033077412997954525
42,0.41818160300317686
42,1.388932054003817
42,0.0104886540066218
42,0.036932230010279454
42,2.081821778003359
42,0.08598660099960398
42,0.7050457790028304
43,0.4978209910041187
43,0.24291845799598377
43,0.06531640100001823
43,0.5936938869999722
43,0.03532327400171198
43,0.03551147801044863
43,0.04622121299325954
43,0.060821991006378084
43,0.7745699179940857
43,1.0233098379976582
43,0.049003530002664775
43,0.11988065201148856
43,0.6852313010022044
43,0.09444983700814191
43,1.5972486240061698
43,0.02804843199555762
43,0.1821555820060894
43,0.8973148730001412
43,1.37806006000028
43,0.23284482400049455
44,0.1386460520006949
44,0.18912649499543477
44,0.39385586499702185
44,0.055261777000851
44,0.02678492700215429
44,0.02552356400701683
44,0.056859214004362
44,0.2923648590076482
44,0.38499486600630917
44,0.10425084900634829
44,0.6390017340017948
44,0.038829757992061786
44,0.18734052398940548
44,0.056399665991193615
44,0.6417030939919641
44,0.49264943299931474
44,1.038530392004759
44,0.19018192400108092
44,0.06555220299924258
44,0.07601472800888587
45,0.11056759700295515
45,0.47284952500194777
45,0.2591390490124468
45,0.09630202599510085
45,0.3697904550062958
45,0.3758197739953175
45,0.35962257299979683
45,0.956666336991475
45,0.016423792010755278
45,0.25099364400375634
45,2.499441129999468
45,0.02873712999280542
45,0.051723470009164885
45,0.13096612101071514
45,0.2074749269959284
45,0.055438779992982745
45,0.4562444139883155
45,9.527287810997223
45,0.2535723559994949
45,0.10623713700624648
46,0.0598843509942526
46,0.5499423150031362
46,0.23637068401149008
46,0.4475206100032665
46,0.35530360700795427
46,0.06259976500587072
46,0.02842770199640654
46,0.076382655010093
46,0.018913474996224977
46,0.03747310899780132
46,0.03327164500660729
46,0.30203820898896083
46,0.21869685599813238
46,0.24399291000736412
46,1.0242720719979843
46,0.1534803779941285
46,0.15003814999363385
46,0.11957417099620216
46,0.0838305009965552
46,0.23835159800364636
47,0.1452963569900021
47,0.4133827079931507
47,0.03062437698827125
47,0.7491302209964488
47,2.748515403989586
47,7.261654203000944
47,0.4257558829995105
47,0.05677426701004151
47,0.8042741060053231
47,0.7950778830127092
47,0.5103725509979995
47,0.3664697539934423
47,1.4845104650012217
47,6.596620458993129
47,1.1646853709971765
47,0.6140667040017433
47,0.08299290599825326
47,0.29803308499685954
47,0.06605114799458534
47,0.1933593380090315
48,0.015049987006932497
48,0.011604301005718298
48,0.018609650011057965
48,0.24608817300759256
48,7.004442782999831
48,0.834616697000456
48,0.3363875960058067
48,2.3282425350043923
48,0.2885812130116392
48,0.7339305600035004
48,0.14343150799686555
48,5.636894462993951
48,0.1006214539957
48,0.09792546200333163
48,0.16424037900287658
48,0.052739063001354225
48,0.5048782280064188
48,1.4697167920094216
48,0.06807769699662458
48,0.5299054449860705
49,0.09957379999104887
49,0.42524707500706427
49,0.013537751001422293
49,11.034921817990835
49,0.06710140898940153
49,0.2280389679945074
49,0.04906232999928761
49,3.8190607659926172
49,0.022651755003607832
49,0.39529290101199877
49,0.05929645599098876
49,0.1666205009969417
49,0.03063186799408868
49,1.1695253279904136
49,0.26835133699933067
49,0.0888030490023084
49,4.6902213800058234
49,0.33558160900429357
49,0.49137127700669225
49,0.12028813699726015
50,0.3732358419947559
50,5.316691419997369
50,0.5554131560056703
50,0.8403420520044165
50,33.416288799999165
50,0.9578132519964129
50,0.19888575599179603
50,1.3609530800022185
50,0.31724563699390274
50,0.40511795700876974
50,0.03335758300090674
50,0.01212584700260777
50,0.5976835980109172
50,0.17164830799447373
50,0.8040628699964145
50,0.12273487199854571
50,1.2404578580026282
50,4.43657262600027
50,0.34937869499844965
50,0.40149132200167514
